(25.73558091215164, -96.9598388671875)
(27.032217279095057, -97.3223876953125)
(27.9361805667695, -96.8115234375)
(28.86151302782829, -95.2789306640625)
(29.58181741266458, -94.14459228515625)
(29.56867942523526, -93.7518310546875)
(31.07646080012122, -93.40576171875)
(32.0430047278941, -93.9935302734375)
(33.6008944080789, -94.010009765625)
(33.99119576995609, -95.1690673828125)
(34.003719753055705, -96.95159912109375)
(34.19646930866234, -98.17794799804688)
(34.619647359797284, -99.9591064453125)
(36.54053616262909, -99.964599609375)
(36.527294814546345, -103.11767578125)
(32.02670629333624, -103.1121826171875)
(32.07326555104247, -106.9189453125)
(30.784317689718996, -105.4248046875)
(30.432097789337707, -104.9578857421875)
(29.927564357792512, -104.73541259765625)
(29.421058433894157, -104.34951782226562)
(28.912014701255725, -103.18359375)
(29.209713225868285, -102.81280517578125)
(29.716681287231175, -102.56149291992188)
(29.7453016622137, -101.8157958984375)
(29.377388403479117, -101.12640380859375)
(29.080175989623307, -100.75149536132812)
(28.63756808932794, -100.5413818359375)
(28.18582277595539, -100.30792236328125)
(27.507053374681853, -99.63088989257812)
(26.401710528707806, -99.239501953125)
(25.992612489709302, -98.2177734375)
